[volpi_v1_unmuted.jpg]
filters=DropShadow=1,2.105263,88.421051,6.432749,00000000,00ffffff,0.000000;
moddate=7d0f08c99b5ad201
width=273
height=90
textactive=0
[volpi_v1_muted.jpg]
filters=DropShadow=1,4.000000,90.000000,10.000000,00000000,00ffffff,30.000000;
moddate=0273271b9c5ad201
width=259
height=91
textactive=0
