[volpi_v1_unmuted.jpg]
filters=DropShadow=1,2.105263,88.421051,6.432749,00000000,00ffffff,0.000000;
moddate=7d0f08c99b5ad201
width=273
height=90
textactive=0
